# Sr.No.    k (1/nm)             Energy(eV) 
  1         1.000000e-03         5.823880e-06   
  2         2.000000e-03         7.084226e-06   
  3         3.000000e-03         9.184796e-06   
  4         4.000000e-03         1.212558e-05   
  5         5.000000e-03         1.590657e-05   
  6         6.000000e-03         2.052774e-05   
  7         7.000000e-03         2.598908e-05   
  8         8.000000e-03         3.229056e-05   
  9         9.000000e-03         3.943216e-05   
  10         1.000000e-02         4.741384e-05   
  11         1.100000e-02         5.623557e-05   
  12         1.200000e-02         6.589731e-05   
  13         1.300000e-02         7.639902e-05   
  14         1.400000e-02         8.774065e-05   
  15         1.500000e-02         9.992215e-05   
  16         1.600000e-02         1.129435e-04   
  17         1.700000e-02         1.268046e-04   
  18         1.800000e-02         1.415054e-04   
  19         1.900000e-02         1.570458e-04   
  20         2.000000e-02         1.734258e-04   
  21         2.100000e-02         1.906453e-04   
  22         2.200000e-02         2.087043e-04   
  23         2.300000e-02         2.276026e-04   
  24         2.400000e-02         2.473401e-04   
  25         2.500000e-02         2.679168e-04   
  26         2.600000e-02         2.893327e-04   
  27         2.700000e-02         3.115875e-04   
  28         2.800000e-02         3.346812e-04   
  29         2.900000e-02         3.586137e-04   
  30         3.000000e-02         3.833850e-04   
  31         3.100000e-02         4.089948e-04   
  32         3.200000e-02         4.354431e-04   
  33         3.300000e-02         4.627298e-04   
  34         3.400000e-02         4.908547e-04   
  35         3.500000e-02         5.198177e-04   
  36         3.600000e-02         5.496187e-04   
  37         3.700000e-02         5.802576e-04   
  38         3.800000e-02         6.117343e-04   
  39         3.900000e-02         6.440485e-04   
  40         4.000000e-02         6.772002e-04   
  41         4.100000e-02         7.111892e-04   
  42         4.200000e-02         7.460154e-04   
  43         4.300000e-02         7.816786e-04   
  44         4.400000e-02         8.181787e-04   
  45         4.500000e-02         8.555154e-04   
  46         4.600000e-02         8.936888e-04   
  47         4.700000e-02         9.326985e-04   
  48         4.800000e-02         9.725444e-04   
  49         4.900000e-02         1.013226e-03   
  50         5.000000e-02         1.054744e-03   
  51         5.100000e-02         1.097098e-03   
  52         5.200000e-02         1.140287e-03   
  53         5.300000e-02         1.184311e-03   
  54         5.400000e-02         1.229170e-03   
  55         5.500000e-02         1.274865e-03   
  56         5.600000e-02         1.321394e-03   
  57         5.700000e-02         1.368757e-03   
  58         5.800000e-02         1.416955e-03   
  59         5.900000e-02         1.465987e-03   
  60         6.000000e-02         1.515853e-03   
  61         6.100000e-02         1.566553e-03   
  62         6.200000e-02         1.618086e-03   
  63         6.300000e-02         1.670452e-03   
  64         6.400000e-02         1.723651e-03   
  65         6.500000e-02         1.777684e-03   
  66         6.600000e-02         1.832548e-03   
  67         6.700000e-02         1.888245e-03   
  68         6.800000e-02         1.944774e-03   
  69         6.900000e-02         2.002135e-03   
  70         7.000000e-02         2.060328e-03   
  71         7.100000e-02         2.119351e-03   
  72         7.200000e-02         2.179206e-03   
  73         7.300000e-02         2.239892e-03   
  74         7.400000e-02         2.301408e-03   
  75         7.500000e-02         2.363755e-03   
  76         7.600000e-02         2.426931e-03   
  77         7.700000e-02         2.490938e-03   
  78         7.800000e-02         2.555774e-03   
  79         7.900000e-02         2.621439e-03   
  80         8.000000e-02         2.687933e-03   
  81         8.100000e-02         2.755255e-03   
  82         8.200000e-02         2.823406e-03   
  83         8.300000e-02         2.892385e-03   
  84         8.400000e-02         2.962192e-03   
  85         8.500000e-02         3.032826e-03   
  86         8.600000e-02         3.104287e-03   
  87         8.700000e-02         3.176575e-03   
  88         8.800000e-02         3.249690e-03   
  89         8.900000e-02         3.323630e-03   
  90         9.000000e-02         3.398397e-03   
  91         9.100000e-02         3.473989e-03   
  92         9.200000e-02         3.550407e-03   
  93         9.300000e-02         3.627649e-03   
  94         9.400000e-02         3.705716e-03   
  95         9.500000e-02         3.784608e-03   
  96         9.600000e-02         3.864323e-03   
  97         9.700000e-02         3.944862e-03   
  98         9.800000e-02         4.026223e-03   
  99         9.900000e-02         4.108408e-03   
  100         1.000000e-01         4.191416e-03   
  101         1.100000e-01         5.066648e-03   
  102         1.200000e-01         6.023718e-03   
  103         1.300000e-01         7.062219e-03   
  104         1.400000e-01         8.181707e-03   
  105         1.500000e-01         9.381708e-03   
  106         1.600000e-01         1.066172e-02   
  107         1.700000e-01         1.202119e-02   
  108         1.800000e-01         1.345956e-02   
  109         1.900000e-01         1.497623e-02   
  110         2.000000e-01         1.657057e-02   
  111         2.100000e-01         1.824191e-02   
  112         2.200000e-01         1.998958e-02   
  113         2.300000e-01         2.181286e-02   
  114         2.400000e-01         2.371101e-02   
  115         2.500000e-01         2.568327e-02   
  116         2.600000e-01         2.772885e-02   
  117         2.700000e-01         2.984694e-02   
  118         2.800000e-01         3.203671e-02   
  119         2.900000e-01         3.429729e-02   
  120         3.000000e-01         3.662783e-02   
  121         3.100000e-01         3.902742e-02   
  122         3.200000e-01         4.149517e-02   
  123         3.300000e-01         4.403013e-02   
  124         3.400000e-01         4.663139e-02   
  125         3.500000e-01         4.929798e-02   
  126         3.600000e-01         5.202894e-02   
  127         3.700000e-01         5.482331e-02   
  128         3.800000e-01         5.768009e-02   
  129         3.900000e-01         6.059830e-02   
  130         4.000000e-01         6.357695e-02   
  131         4.100000e-01         6.661504e-02   
  132         4.200000e-01         6.971156e-02   
  133         4.300000e-01         7.286553e-02   
  134         4.400000e-01         7.607595e-02   
  135         4.500000e-01         7.934181e-02   
  136         4.600000e-01         8.266214e-02   
  137         4.700000e-01         8.603595e-02   
  138         4.800000e-01         8.946227e-02   
  139         4.900000e-01         9.294013e-02   
  140         5.000000e-01         9.646860e-02   
  141         5.100000e-01         1.000467e-01   
  142         5.200000e-01         1.036736e-01   
  143         5.300000e-01         1.073484e-01   
  144         5.400000e-01         1.110701e-01   
  145         5.500000e-01         1.148380e-01   
  146         5.600000e-01         1.186512e-01   
  147         5.700000e-01         1.225089e-01   
  148         5.800000e-01         1.264104e-01   
  149         5.900000e-01         1.303550e-01   
  150         6.000000e-01         1.343418e-01   
  151         6.100000e-01         1.383704e-01   
  152         6.200000e-01         1.424401e-01   
  153         6.300000e-01         1.465502e-01   
  154         6.400000e-01         1.507004e-01   
  155         6.500000e-01         1.548901e-01   
  156         6.600000e-01         1.589673e-01   
  157         6.700000e-01         1.632649e-01   
  158         6.800000e-01         1.676005e-01   
  159         6.900000e-01         1.719734e-01   
  160         7.000000e-01         1.763829e-01   
  161         7.100000e-01         1.808282e-01   
  162         7.200000e-01         1.853087e-01   
  163         7.300000e-01         1.898236e-01   
  164         7.400000e-01         1.943722e-01   
  165         7.500000e-01         1.989538e-01   
  166         7.600000e-01         2.035678e-01   
  167         7.700000e-01         2.082135e-01   
  168         7.800000e-01         2.128902e-01   
  169         7.900000e-01         2.175972e-01   
  170         8.000000e-01         2.223340e-01   
  171         8.100000e-01         2.270998e-01   
  172         8.200000e-01         2.318941e-01   
  173         8.300000e-01         2.367161e-01   
  174         8.400000e-01         2.415654e-01   
  175         8.500000e-01         2.464412e-01   
  176         8.600000e-01         2.513430e-01   
  177         8.700000e-01         2.562702e-01   
  178         8.800000e-01         2.612221e-01   
  179         8.900000e-01         2.661983e-01   
  180         9.000000e-01         2.711980e-01   
  181         9.100000e-01         2.762209e-01   
  182         9.200000e-01         2.812661e-01   
  183         9.300000e-01         2.863334e-01   
  184         9.400000e-01         2.914220e-01   
  185         9.500000e-01         2.965314e-01   
  186         9.600000e-01         3.016612e-01   
  187         9.700000e-01         3.068107e-01   
  188         9.800000e-01         3.119795e-01   
  189         9.900000e-01         3.171670e-01   
  190         1.000000e+00         3.223728e-01   
  191         1.010000e+00         3.275962e-01   
  192         1.020000e+00         3.328370e-01   
  193         1.030000e+00         3.380944e-01   
  194         1.040000e+00         3.433682e-01   
  195         1.050000e+00         3.486577e-01   
  196         1.060000e+00         3.539626e-01   
  197         1.070000e+00         3.592823e-01   
  198         1.080000e+00         3.646164e-01   
  199         1.090000e+00         3.699644e-01   
  200         1.100000e+00         3.753260e-01   
  201         1.110000e+00         3.807006e-01   
  202         1.120000e+00         3.860879e-01   
  203         1.130000e+00         3.914874e-01   
  204         1.140000e+00         3.968986e-01   
  205         1.150000e+00         4.023213e-01   
  206         1.160000e+00         4.077549e-01   
  207         1.170000e+00         4.131991e-01   
  208         1.180000e+00         4.186534e-01   
  209         1.190000e+00         4.241175e-01   
  210         1.200000e+00         4.295910e-01   
  211         1.210000e+00         4.350735e-01   
  212         1.220000e+00         4.405647e-01   
  213         1.230000e+00         4.460641e-01   
  214         1.240000e+00         4.515715e-01   
  215         1.250000e+00         4.570864e-01   
  216         1.260000e+00         4.626085e-01   
  217         1.270000e+00         4.681374e-01   
  218         1.280000e+00         4.736728e-01   
  219         1.290000e+00         4.792145e-01   
  220         1.300000e+00         4.847619e-01   
  221         1.310000e+00         4.903149e-01   
  222         1.320000e+00         4.958731e-01   
  223         1.330000e+00         5.014362e-01   
  224         1.340000e+00         5.070038e-01   
  225         1.350000e+00         5.125757e-01   
  226         1.360000e+00         5.181516e-01   
  227         1.370000e+00         5.237312e-01   
  228         1.380000e+00         5.293141e-01   
  229         1.390000e+00         5.349001e-01   
  230         1.400000e+00         5.404890e-01   
  231         1.410000e+00         5.460804e-01   
  232         1.420000e+00         5.516741e-01   
  233         1.430000e+00         5.572697e-01   
  234         1.440000e+00         5.628672e-01   
  235         1.450000e+00         5.684661e-01   
  236         1.460000e+00         5.740662e-01   
  237         1.470000e+00         5.796674e-01   
  238         1.480000e+00         5.852693e-01   
  239         1.490000e+00         5.908716e-01   
  240         1.500000e+00         5.964743e-01   
  241         1.510000e+00         6.020770e-01   
  242         1.520000e+00         6.076795e-01   
  243         1.530000e+00         6.132817e-01   
  244         1.540000e+00         6.188832e-01   
  245         1.550000e+00         6.244838e-01   
  246         1.560000e+00         6.300835e-01   
  247         1.570000e+00         6.356818e-01   
  248         1.580000e+00         6.412788e-01   
  249         1.590000e+00         6.468741e-01   
  250         1.600000e+00         6.524675e-01   
  251         1.610000e+00         6.580590e-01   
  252         1.620000e+00         6.636482e-01   
  253         1.630000e+00         6.692351e-01   
  254         1.640000e+00         6.748194e-01   
  255         1.650000e+00         6.804009e-01   
  256         1.660000e+00         6.859796e-01   
  257         1.670000e+00         6.915551e-01   
  258         1.680000e+00         6.971275e-01   
  259         1.690000e+00         7.026965e-01   
  260         1.700000e+00         7.082619e-01   
  261         1.710000e+00         7.138236e-01   
  262         1.720000e+00         7.193815e-01   
  263         1.730000e+00         7.249354e-01   
  264         1.740000e+00         7.304852e-01   
  265         1.750000e+00         7.360307e-01   
  266         1.760000e+00         7.415719e-01   
  267         1.770000e+00         7.471085e-01   
  268         1.780000e+00         7.526405e-01   
  269         1.790000e+00         7.581677e-01   
  270         1.800000e+00         7.636900e-01   
  271         1.810000e+00         7.692074e-01   
  272         1.820000e+00         7.747196e-01   
  273         1.830000e+00         7.802265e-01   
  274         1.840000e+00         7.857282e-01   
  275         1.850000e+00         7.912244e-01   
  276         1.860000e+00         7.967150e-01   
  277         1.870000e+00         8.022001e-01   
  278         1.880000e+00         8.076794e-01   
  279         1.890000e+00         8.131528e-01   
  280         1.900000e+00         8.186204e-01   
  281         1.910000e+00         8.240820e-01   
  282         1.920000e+00         8.295375e-01   
  283         1.930000e+00         8.349868e-01   
  284         1.940000e+00         8.404299e-01   
  285         1.950000e+00         8.458667e-01   
  286         1.960000e+00         8.512971e-01   
  287         1.970000e+00         8.567210e-01   
  288         1.980000e+00         8.621385e-01   
  289         1.990000e+00         8.675493e-01   
  290         2.000000e+00         8.729535e-01   
  291         2.010000e+00         8.783510e-01   
  292         2.020000e+00         8.837418e-01   
  293         2.030000e+00         8.891257e-01   
  294         2.040000e+00         8.945027e-01   
  295         2.050000e+00         8.998729e-01   
  296         2.060000e+00         9.052361e-01   
  297         2.070000e+00         9.105922e-01   
  298         2.080000e+00         9.159414e-01   
  299         2.090000e+00         9.212834e-01   
  300         2.100000e+00         9.266183e-01   
  301         2.110000e+00         9.319461e-01   
  302         2.120000e+00         9.372667e-01   
  303         2.130000e+00         9.425800e-01   
  304         2.140000e+00         9.478861e-01   
  305         2.150000e+00         9.531849e-01   
  306         2.160000e+00         9.584765e-01   
  307         2.170000e+00         9.637607e-01   
  308         2.180000e+00         9.690375e-01   
  309         2.190000e+00         9.743070e-01   
  310         2.200000e+00         9.795691e-01   
  311         2.210000e+00         9.848238e-01   
  312         2.220000e+00         9.900711e-01   
  313         2.230000e+00         9.953110e-01   
  314         2.240000e+00         1.000543e+00   
  315         2.250000e+00         1.005768e+00   
  316         2.260000e+00         1.010986e+00   
  317         2.270000e+00         1.016196e+00   
  318         2.280000e+00         1.021399e+00   
  319         2.290000e+00         1.026594e+00   
  320         2.300000e+00         1.031782e+00   
  321         2.310000e+00         1.036962e+00   
  322         2.320000e+00         1.042135e+00   
  323         2.330000e+00         1.047301e+00   
  324         2.340000e+00         1.052459e+00   
  325         2.350000e+00         1.057609e+00   
  326         2.360000e+00         1.062752e+00   
  327         2.370000e+00         1.067888e+00   
  328         2.380000e+00         1.073017e+00   
  329         2.390000e+00         1.078138e+00   
  330         2.400000e+00         1.083252e+00   
  331         2.410000e+00         1.088358e+00   
  332         2.420000e+00         1.093457e+00   
  333         2.430000e+00         1.098549e+00   
  334         2.440000e+00         1.103633e+00   
  335         2.450000e+00         1.108711e+00   
  336         2.460000e+00         1.113781e+00   
  337         2.470000e+00         1.118843e+00   
  338         2.480000e+00         1.123899e+00   
  339         2.490000e+00         1.128948e+00   
  340         2.500000e+00         1.133989e+00   
  341         2.510000e+00         1.139023e+00   
  342         2.520000e+00         1.144051e+00   
  343         2.530000e+00         1.149071e+00   
  344         2.540000e+00         1.154084e+00   
  345         2.550000e+00         1.159090e+00   
  346         2.560000e+00         1.164090e+00   
  347         2.570000e+00         1.169082e+00   
  348         2.580000e+00         1.174068e+00   
  349         2.590000e+00         1.179046e+00   
  350         2.600000e+00         1.184018e+00   
  351         2.610000e+00         1.188984e+00   
  352         2.620000e+00         1.193942e+00   
  353         2.630000e+00         1.198894e+00   
  354         2.640000e+00         1.203839e+00   
  355         2.650000e+00         1.208778e+00   
  356         2.660000e+00         1.213710e+00   
  357         2.670000e+00         1.218635e+00   
  358         2.680000e+00         1.223555e+00   
  359         2.690000e+00         1.228467e+00   
  360         2.700000e+00         1.233374e+00   
  361         2.710000e+00         1.238274e+00   
  362         2.720000e+00         1.243167e+00   
  363         2.730000e+00         1.248055e+00   
  364         2.740000e+00         1.252936e+00   
  365         2.750000e+00         1.257812e+00   
  366         2.760000e+00         1.262681e+00   
  367         2.770000e+00         1.267544e+00   
  368         2.780000e+00         1.272401e+00   
  369         2.790000e+00         1.277252e+00   
  370         2.800000e+00         1.282097e+00   
  371         2.810000e+00         1.286937e+00   
  372         2.820000e+00         1.291771e+00   
  373         2.830000e+00         1.296599e+00   
  374         2.840000e+00         1.301421e+00   
  375         2.850000e+00         1.306237e+00   
  376         2.860000e+00         1.311048e+00   
  377         2.870000e+00         1.315854e+00   
  378         2.880000e+00         1.320654e+00   
  379         2.890000e+00         1.325448e+00   
  380         2.900000e+00         1.330238e+00   
  381         2.910000e+00         1.335022e+00   
  382         2.920000e+00         1.339800e+00   
  383         2.930000e+00         1.344574e+00   
  384         2.940000e+00         1.349342e+00   
  385         2.950000e+00         1.354105e+00   
  386         2.960000e+00         1.358863e+00   
  387         2.970000e+00         1.363616e+00   
  388         2.980000e+00         1.368364e+00   
  389         2.990000e+00         1.373107e+00   
  390         3.000000e+00         1.377845e+00   
  391         3.010000e+00         1.382579e+00   
  392         3.020000e+00         1.387308e+00   
  393         3.030000e+00         1.392032e+00   
  394         3.040000e+00         1.396751e+00   
  395         3.050000e+00         1.401466e+00   
  396         3.060000e+00         1.406176e+00   
  397         3.070000e+00         1.410882e+00   
  398         3.080000e+00         1.415584e+00   
  399         3.090000e+00         1.420281e+00   
  400         3.100000e+00         1.424973e+00   
  401         3.110000e+00         1.429662e+00   
  402         3.120000e+00         1.434346e+00   
  403         3.130000e+00         1.439026e+00   
  404         3.140000e+00         1.443702e+00   
  405         3.150000e+00         1.448374e+00   
  406         3.160000e+00         1.453041e+00   
  407         3.170000e+00         1.457705e+00   
  408         3.180000e+00         1.462365e+00   
  409         3.190000e+00         1.467021e+00   
  410         3.200000e+00         1.471673e+00   
  411         3.210000e+00         1.476322e+00   
  412         3.220000e+00         1.480966e+00   
  413         3.230000e+00         1.485607e+00   
  414         3.240000e+00         1.490245e+00   
  415         3.250000e+00         1.494878e+00   
  416         3.260000e+00         1.499508e+00   
  417         3.270000e+00         1.504135e+00   
  418         3.280000e+00         1.508758e+00   
  419         3.290000e+00         1.513378e+00   
  420         3.300000e+00         1.517995e+00   
  421         3.310000e+00         1.522608e+00   
  422         3.320000e+00         1.527218e+00   
  423         3.330000e+00         1.531824e+00   
  424         3.340000e+00         1.536428e+00   
  425         3.350000e+00         1.541028e+00   
  426         3.360000e+00         1.545625e+00   
  427         3.370000e+00         1.550219e+00   
  428         3.380000e+00         1.554810e+00   
  429         3.390000e+00         1.559398e+00   
  430         3.400000e+00         1.563983e+00   
  431         3.410000e+00         1.568565e+00   
  432         3.420000e+00         1.573144e+00   
  433         3.430000e+00         1.577720e+00   
  434         3.440000e+00         1.582294e+00   
  435         3.450000e+00         1.586865e+00   
  436         3.460000e+00         1.591433e+00   
  437         3.470000e+00         1.595998e+00   
  438         3.480000e+00         1.600560e+00   
  439         3.490000e+00         1.605120e+00   
  440         3.500000e+00         1.609678e+00   
  441         3.510000e+00         1.614232e+00   
  442         3.520000e+00         1.618784e+00   
  443         3.530000e+00         1.623334e+00   
  444         3.540000e+00         1.627881e+00   
  445         3.550000e+00         1.632426e+00   
  446         3.560000e+00         1.636968e+00   
  447         3.570000e+00         1.641507e+00   
  448         3.580000e+00         1.646045e+00   
  449         3.590000e+00         1.650579e+00   
  450         3.600000e+00         1.655112e+00   
  451         3.610000e+00         1.659642e+00   
  452         3.620000e+00         1.664170e+00   
  453         3.630000e+00         1.668695e+00   
  454         3.640000e+00         1.673218e+00   
  455         3.650000e+00         1.677739e+00   
  456         3.660000e+00         1.682258e+00   
  457         3.670000e+00         1.686774e+00   
  458         3.680000e+00         1.691289e+00   
  459         3.690000e+00         1.695801e+00   
  460         3.700000e+00         1.700310e+00   
  461         3.710000e+00         1.704818e+00   
  462         3.720000e+00         1.709323e+00   
  463         3.730000e+00         1.713826e+00   
  464         3.740000e+00         1.718327e+00   
  465         3.750000e+00         1.722826e+00   
  466         3.760000e+00         1.727323e+00   
  467         3.770000e+00         1.731818e+00   
  468         3.780000e+00         1.736310e+00   
  469         3.790000e+00         1.740800e+00   
  470         3.800000e+00         1.745288e+00   
  471         3.810000e+00         1.749774e+00   
  472         3.820000e+00         1.754258e+00   
  473         3.830000e+00         1.758740e+00   
  474         3.840000e+00         1.763220e+00   
  475         3.850000e+00         1.767697e+00   
  476         3.860000e+00         1.772172e+00   
  477         3.870000e+00         1.776645e+00   
  478         3.880000e+00         1.781116e+00   
  479         3.890000e+00         1.785585e+00   
  480         3.900000e+00         1.790052e+00   
  481         3.910000e+00         1.794516e+00   
  482         3.920000e+00         1.798978e+00   
  483         3.930000e+00         1.803438e+00   
  484         3.940000e+00         1.807896e+00   
  485         3.950000e+00         1.812351e+00   
  486         3.960000e+00         1.816805e+00   
  487         3.970000e+00         1.821256e+00   
  488         3.980000e+00         1.825704e+00   
  489         3.990000e+00         1.830151e+00   
  490         4.000000e+00         1.834595e+00   
  491         4.010000e+00         1.839036e+00   
  492         4.020000e+00         1.843475e+00   
  493         4.030000e+00         1.847912e+00   
  494         4.040000e+00         1.852347e+00   
  495         4.050000e+00         1.856779e+00   
  496         4.060000e+00         1.861208e+00   
  497         4.070000e+00         1.865635e+00   
  498         4.080000e+00         1.870059e+00   
  499         4.090000e+00         1.874481e+00   
  500         4.100000e+00         1.878900e+00   
  501         4.110000e+00         1.883317e+00   
  502         4.120000e+00         1.887730e+00   
  503         4.130000e+00         1.892141e+00   
  504         4.140000e+00         1.896550e+00   
  505         4.150000e+00         1.900955e+00   
  506         4.160000e+00         1.905358e+00   
  507         4.170000e+00         1.909758e+00   
  508         4.180000e+00         1.914155e+00   
  509         4.190000e+00         1.918548e+00   
  510         4.200000e+00         1.922939e+00   
  511         4.210000e+00         1.927327e+00   
  512         4.220000e+00         1.931712e+00   
  513         4.230000e+00         1.936093e+00   
  514         4.240000e+00         1.940471e+00   
  515         4.250000e+00         1.944846e+00   
  516         4.260000e+00         1.949218e+00   
  517         4.270000e+00         1.953586e+00   
  518         4.280000e+00         1.957951e+00   
  519         4.290000e+00         1.962313e+00   
  520         4.300000e+00         1.966671e+00   
  521         4.310000e+00         1.971025e+00   
  522         4.320000e+00         1.975375e+00   
  523         4.330000e+00         1.979722e+00   
  524         4.340000e+00         1.984065e+00   
  525         4.350000e+00         1.988405e+00   
  526         4.360000e+00         1.992740e+00   
  527         4.370000e+00         1.997071e+00   
  528         4.380000e+00         2.001398e+00   
  529         4.390000e+00         2.005721e+00   
  530         4.400000e+00         2.010040e+00   
  531         4.410000e+00         2.014355e+00   
  532         4.420000e+00         2.018665e+00   
  533         4.430000e+00         2.022971e+00   
  534         4.440000e+00         2.027273e+00   
  535         4.450000e+00         2.031569e+00   
  536         4.460000e+00         2.035861e+00   
  537         4.470000e+00         2.040149e+00   
  538         4.480000e+00         2.044432e+00   
  539         4.490000e+00         2.048709e+00   
  540         4.500000e+00         2.052982e+00   
  541         4.510000e+00         2.057250e+00   
  542         4.520000e+00         2.061512e+00   
  543         4.530000e+00         2.065770e+00   
  544         4.540000e+00         2.070021e+00   
  545         4.550000e+00         2.074268e+00   
  546         4.560000e+00         2.078509e+00   
  547         4.570000e+00         2.082745e+00   
  548         4.580000e+00         2.086974e+00   
  549         4.590000e+00         2.091198e+00   
  550         4.600000e+00         2.095417e+00   
  551         4.610000e+00         2.099629e+00   
  552         4.620000e+00         2.103835e+00   
  553         4.630000e+00         2.108035e+00   
  554         4.640000e+00         2.112228e+00   
  555         4.650000e+00         2.116416e+00   
  556         4.660000e+00         2.120596e+00   
  557         4.670000e+00         2.124771e+00   
  558         4.680000e+00         2.128938e+00   
  559         4.690000e+00         2.133099e+00   
  560         4.700000e+00         2.137253e+00   
  561         4.710000e+00         2.141400e+00   
  562         4.720000e+00         2.145539e+00   
  563         4.730000e+00         2.149672e+00   
  564         4.740000e+00         2.153797e+00   
  565         4.750000e+00         2.157915e+00   
  566         4.760000e+00         2.162025e+00   
  567         4.770000e+00         2.166127e+00   
  568         4.780000e+00         2.170222e+00   
  569         4.790000e+00         2.174309e+00   
  570         4.800000e+00         2.178387e+00   
  571         4.810000e+00         2.182458e+00   
  572         4.820000e+00         2.186520e+00   
  573         4.830000e+00         2.190574e+00   
  574         4.840000e+00         2.194620e+00   
  575         4.850000e+00         2.198656e+00   
  576         4.860000e+00         2.202684e+00   
  577         4.870000e+00         2.206703e+00   
  578         4.880000e+00         2.210713e+00   
  579         4.890000e+00         2.214714e+00   
  580         4.900000e+00         2.218706e+00   
  581         4.910000e+00         2.222688e+00   
  582         4.920000e+00         2.226661e+00   
  583         4.930000e+00         2.230624e+00   
  584         4.940000e+00         2.234577e+00   
  585         4.950000e+00         2.238521e+00   
  586         4.960000e+00         2.242454e+00   
  587         4.970000e+00         2.246377e+00   
  588         4.980000e+00         2.250290e+00   
  589         4.990000e+00         2.254192e+00   
  590         5.000000e+00         2.258084e+00   
  591         5.010000e+00         2.261965e+00   
  592         5.020000e+00         2.265835e+00   
  593         5.030000e+00         2.269694e+00   
  594         5.040000e+00         2.273541e+00   
  595         5.050000e+00         2.277378e+00   
  596         5.060000e+00         2.281203e+00   
  597         5.070000e+00         2.285016e+00   
  598         5.080000e+00         2.288818e+00   
  599         5.090000e+00         2.292608e+00   
  600         5.100000e+00         2.296385e+00   
  601         5.110000e+00         2.300151e+00   
  602         5.120000e+00         2.303904e+00   
  603         5.130000e+00         2.307645e+00   
  604         5.140000e+00         2.311373e+00   
  605         5.150000e+00         2.315088e+00   
  606         5.160000e+00         2.318790e+00   
  607         5.170000e+00         2.322479e+00   
  608         5.180000e+00         2.326155e+00   
  609         5.190000e+00         2.329818e+00   
  610         5.200000e+00         2.333467e+00   
  611         5.210000e+00         2.337102e+00   
  612         5.220000e+00         2.340723e+00   
  613         5.230000e+00         2.344331e+00   
  614         5.240000e+00         2.347924e+00   
  615         5.250000e+00         2.351503e+00   
  616         5.260000e+00         2.355067e+00   
  617         5.270000e+00         2.358617e+00   
  618         5.280000e+00         2.362152e+00   
  619         5.290000e+00         2.365672e+00   
  620         5.300000e+00         2.369176e+00   
  621         5.310000e+00         2.372666e+00   
  622         5.320000e+00         2.376140e+00   
  623         5.330000e+00         2.379598e+00   
  624         5.340000e+00         2.383041e+00   
  625         5.350000e+00         2.386468e+00   
  626         5.360000e+00         2.389878e+00   
  627         5.370000e+00         2.393273e+00   
  628         5.380000e+00         2.396650e+00   
  629         5.390000e+00         2.400012e+00   
  630         5.400000e+00         2.403356e+00   
  631         5.410000e+00         2.406684e+00   
  632         5.420000e+00         2.409994e+00   
  633         5.430000e+00         2.413287e+00   
  634         5.440000e+00         2.416563e+00   
  635         5.450000e+00         2.419821e+00   
  636         5.460000e+00         2.423062e+00   
  637         5.470000e+00         2.426284e+00   
  638         5.480000e+00         2.429489e+00   
  639         5.490000e+00         2.432675e+00   
  640         5.500000e+00         2.435842e+00   
  641         5.510000e+00         2.438992e+00   
  642         5.520000e+00         2.442122e+00   
  643         5.530000e+00         2.445233e+00   
  644         5.540000e+00         2.448326e+00   
  645         5.550000e+00         2.451399e+00   
  646         5.560000e+00         2.454452e+00   
  647         5.570000e+00         2.457486e+00   
  648         5.580000e+00         2.460500e+00   
  649         5.590000e+00         2.463494e+00   
  650         5.600000e+00         2.466468e+00   
  651         5.610000e+00         2.469422e+00   
  652         5.620000e+00         2.472355e+00   
  653         5.630000e+00         2.475268e+00   
  654         5.640000e+00         2.478160e+00   
  655         5.650000e+00         2.481031e+00   
  656         5.660000e+00         2.483881e+00   
  657         5.670000e+00         2.486709e+00   
  658         5.680000e+00         2.489516e+00   
  659         5.690000e+00         2.492301e+00   
  660         5.700000e+00         2.495065e+00   
  661         5.710000e+00         2.497806e+00   
  662         5.720000e+00         2.500526e+00   
  663         5.730000e+00         2.503223e+00   
  664         5.740000e+00         2.505897e+00   
  665         5.750000e+00         2.508549e+00   
  666         5.760000e+00         2.511178e+00   
  667         5.770000e+00         2.513784e+00   
  668         5.780000e+00         2.516367e+00   
  669         5.790000e+00         2.518927e+00   
  670         5.800000e+00         2.521463e+00   
  671         5.810000e+00         2.523976e+00   
  672         5.820000e+00         2.526464e+00   
  673         5.830000e+00         2.528929e+00   
  674         5.840000e+00         2.531369e+00   
  675         5.850000e+00         2.533785e+00   
  676         5.860000e+00         2.536177e+00   
  677         5.870000e+00         2.538544e+00   
  678         5.880000e+00         2.540886e+00   
  679         5.890000e+00         2.543204e+00   
  680         5.900000e+00         2.545496e+00   
  681         5.910000e+00         2.547762e+00   
  682         5.920000e+00         2.550004e+00   
  683         5.930000e+00         2.552220e+00   
  684         5.940000e+00         2.554410e+00   
  685         5.950000e+00         2.556574e+00   
  686         5.960000e+00         2.558712e+00   
  687         5.970000e+00         2.560823e+00   
  688         5.980000e+00         2.562909e+00   
  689         5.990000e+00         2.564967e+00   
  690         6.000000e+00         2.566999e+00   
  691         6.010000e+00         2.569005e+00   
